0.000000000000000000e+00
4.148574621892582359e-05
8.323692572441615046e-05
1.255269471334322204e-04
1.686456731615971387e-04
2.129090675154085240e-04
2.586707563236910284e-04
3.063362173279749953e-04
3.563815084741073442e-04
4.093779317670827008e-04
4.660266737643791683e-04
5.272052869721873241e-04
5.940394476649971762e-04
6.680047754444012192e-04
7.510887453368094314e-04
8.460442505081722632e-04
9.568174034622436465e-04
1.089288744069545015e-03
1.252660114405507695e-03
1.462210764075201792e-03
1.745354164131170853e-03
2.156576771958170890e-03
2.820640938504710704e-03
4.085024227076324357e-03
7.108052001210456335e-03
1.304465565610902870e-02
1.660366370568000863e-02
1.791041621108941523e-02
1.849898133965208538e-02
1.881471449038789323e-02
1.900328278307058388e-02
1.912320328233942796e-02
1.920240510119860036e-02
1.925555903821858650e-02
1.929115717426621926e-02
1.931535616878694503e-02
1.932803212545406227e-02
1.933489959698590777e-02
1.933644594312047479e-02
1.933375672701933765e-02
1.932696257471384557e-02
1.931753522482992577e-02
1.930536030257494137e-02
1.929151301794947149e-02
1.927543520386088699e-02
1.925779901546136388e-02
1.923869015003321081e-02
1.921796271146395535e-02
1.919614035620581180e-02
1.917318683571667126e-02
